image_number,R00,R01,R02,T1,R10,R11,R12,T2,R20,R21,R22,T3,fx,fy,cx,cy
0,0.9093129,0.27262229,-0.31422433,-0.34045634,-0.27248618,0.9610498,0.045279626,0.016469818,0.31433925,0.044449646,0.94820935,0.29656917,585.0,585.0,320.0,240.0
1,0.90874106,0.27250862,-0.31597188,-0.33866197,-0.27249488,0.96105307,0.045154393,0.015916772,0.31598061,0.045068324,0.94763422,0.29782206,585.0,585.0,320.0,240.0
2,0.90877688,0.27293819,-0.31549683,-0.34053639,-0.27268934,0.9609642,0.045863133,0.01700522,0.31570891,0.044354517,0.94775832,0.29744455,585.0,585.0,320.0,240.0
3,0.90853357,0.2746155,-0.31474099,-0.34110373,-0.27397129,0.9605332,0.0472285,0.015972065,0.31529874,0.043322504,0.94794255,0.29789898,585.0,585.0,320.0,240.0
4,0.90898818,0.27457187,-0.31346339,-0.34181359,-0.27361658,0.96059722,0.047974672,0.015238261,0.3142944,0.042161487,0.94832808,0.29797885,585.0,585.0,320.0,240.0
5,0.90906876,0.272284,-0.31522021,-0.34155709,-0.27110979,0.96128184,0.048486482,0.01341229,0.31622761,0.041382827,0.94771928,0.29850367,585.0,585.0,320.0,240.0
6,0.908562,0.27166781,-0.31720579,-0.34265313,-0.27120024,0.96135181,0.046549704,0.01468156,0.31760257,0.043734211,0.94715345,0.29878929,585.0,585.0,320.0,240.0
7,0.90784693,0.27342337,-0.31774372,-0.34309748,-0.27283683,0.96085256,0.047286931,0.014751164,0.31824446,0.043764163,0.94693643,0.29935786,585.0,585.0,320.0,240.0
8,0.90709007,0.27616704,-0.31753206,-0.34287909,-0.27506533,0.96011728,0.049265359,0.012549059,0.31848383,0.042655181,0.94690639,0.29991144,585.0,585.0,320.0,240.0
9,0.90666634,0.27712455,-0.31790763,-0.34430796,-0.27626681,0.95979792,0.048760664,0.011677077,0.31865028,0.043618996,0.94680631,0.30042541,585.0,585.0,320.0,240.0
10,0.90553731,0.27735224,-0.32091275,-0.34473303,-0.27655017,0.95970035,0.049073059,0.01001679,0.32160121,0.044312373,0.94577575,0.30107003,585.0,585.0,320.0,240.0
11,0.90457928,0.27897465,-0.32220507,-0.34829855,-0.27874756,0.95912528,0.047863934,0.011671324,0.3223986,0.046518687,0.94539803,0.3007119,585.0,585.0,320.0,240.0
12,0.9033978,0.28142557,-0.3233858,-0.34926173,-0.28110623,0.95839196,0.048749141,0.009891781,0.32366043,0.046867471,0.94494939,0.30138165,585.0,585.0,320.0,240.0
13,0.90247262,0.28313881,-0.324471,-0.35049552,-0.28325829,0.95779848,0.047944557,0.0086696818,0.32436365,0.048642114,0.94461846,0.30176288,585.0,585.0,320.0,240.0
14,0.9013747,0.28465736,-0.32618961,-0.35100144,-0.28547394,0.95721298,0.046471033,0.0077848108,0.32547218,0.051232647,0.94410002,0.30217817,585.0,585.0,320.0,240.0
15,0.90040338,0.2856335,-0.32801366,-0.35179797,-0.28713417,0.95678747,0.044978831,0.0084353806,0.32669789,0.053686835,0.9435401,0.30301946,585.0,585.0,320.0,240.0
16,0.89973289,0.28614792,-0.32940146,-0.35329109,-0.28750047,0.9566412,0.045740508,0.0064629153,0.32821882,0.053550847,0.94301963,0.30335963,585.0,585.0,320.0,240.0
17,0.89934814,0.28696162,-0.32974371,-0.35522214,-0.28877172,0.95631051,0.044633966,0.0064992113,0.3281568,0.055081289,0.94295293,0.30374014,585.0,585.0,320.0,240.0
18,0.89851016,0.28712577,-0.33187774,-0.35478452,-0.28919795,0.95619738,0.044297379,0.00570232,0.33007085,0.056178886,0.94221973,0.30421188,585.0,585.0,320.0,240.0
19,0.89839196,0.28648484,-0.3327502,-0.35784549,-0.2887159,0.95636201,0.043885518,0.0062701139,0.33081344,0.056646064,0.94193113,0.30443642,585.0,585.0,320.0,240.0
20,0.89764369,0.28740576,-0.33397284,-0.35937726,-0.2890273,0.95616829,0.046005175,0.0033668687,0.33256775,0.055233091,0.94139701,0.30494836,585.0,585.0,320.0,240.0
21,0.89642698,0.28871164,-0.33610737,-0.35998598,-0.29123393,0.95558864,0.044090871,0.0049451664,0.33392137,0.058363929,0.94072855,0.30611479,585.0,585.0,320.0,240.0
22,0.89540166,0.2913276,-0.33658281,-0.36213607,-0.29343429,0.95483309,0.045835033,0.0049925116,0.33474484,0.057726454,0.94047499,0.30727291,585.0,585.0,320.0,240.0
23,0.89443988,0.29422948,-0.33661571,-0.36533928,-0.29575774,0.95400906,0.048006479,0.0033002738,0.33527085,0.056620013,0.94035465,0.3074578,585.0,585.0,320.0,240.0
24,0.89379668,0.29603493,-0.33674055,-0.36828294,-0.29711679,0.95350432,0.04961738,0.0044664689,0.33578357,0.055705599,0.94022596,0.30826285,585.0,585.0,320.0,240.0
25,0.89283144,0.29748881,-0.33801758,-0.37065196,-0.29778689,0.95315206,0.052299347,0.0042487988,0.33775216,0.053964794,0.93962216,0.3094472,585.0,585.0,320.0,240.0
26,0.89199221,0.29887709,-0.33900669,-0.37373289,-0.29853991,0.9527936,0.05448978,0.004875991,0.33930087,0.052604578,0.93914115,0.31084692,585.0,585.0,320.0,240.0
27,0.89126843,0.29982448,-0.34007171,-0.37568077,-0.29855296,0.95261735,0.057419233,0.0060497252,0.34118575,0.050355326,0.93858135,0.3121317,585.0,585.0,320.0,240.0
28,0.89029676,0.30086869,-0.34169033,-0.3779586,-0.2983132,0.95244533,0.06138099,0.0042605111,0.34392101,0.047285084,0.93774217,0.3133615,585.0,585.0,320.0,240.0
29,0.8899557,0.30131051,-0.34218866,-0.38283512,-0.29786998,0.95241541,0.063944727,0.00421122,0.34518516,0.045021296,0.93738902,0.31448665,585.0,585.0,320.0,240.0
30,0.88835537,0.30368122,-0.34424487,-0.38503262,-0.29969996,0.95169079,0.066144861,0.00478272,0.34771392,0.044411518,0.93648291,0.31608817,585.0,585.0,320.0,240.0
31,0.88795543,0.3045072,-0.3445465,-0.38737065,-0.29953378,0.95153934,0.069010884,0.0058029983,0.34887624,0.041926041,0.93616509,0.31756976,585.0,585.0,320.0,240.0
32,0.88805723,0.30433437,-0.34443641,-0.3925758,-0.29795554,0.95175779,0.072729066,0.0047768438,0.3499665,0.038040195,0.93592399,0.31863075,585.0,585.0,320.0,240.0
33,0.88659859,0.30605629,-0.34666079,-0.39697757,-0.29875687,0.95126969,0.075763233,0.0063325469,0.35296848,0.036396649,0.93486124,0.32063523,585.0,585.0,320.0,240.0
34,0.8850472,0.31050327,-0.34667006,-0.40045983,-0.30170551,0.94994205,0.080583647,0.0084887715,0.35435075,0.033272646,0.93445456,0.32297358,585.0,585.0,320.0,240.0
35,0.88420546,0.31621835,-0.34363875,-0.40513915,-0.30569553,0.94819385,0.085956685,0.0051261699,0.35302997,0.029045893,0.93509513,0.32579836,585.0,585.0,320.0,240.0
36,0.88337791,0.32200438,-0.34037831,-0.40854061,-0.3122631,0.9461664,0.08467856,0.0070538344,0.349334,0.031485043,0.93640327,0.32837287,585.0,585.0,320.0,240.0
37,0.88357776,0.32568622,-0.33633247,-0.41419861,-0.31593981,0.94491595,0.084999293,0.0097627426,0.34550139,0.031157933,0.9378348,0.33064261,585.0,585.0,320.0,240.0
38,0.88384014,0.3278361,-0.33354208,-0.41963488,-0.31632784,0.94432789,0.089946225,0.012881074,0.34447318,0.026010856,0.93836951,0.33316848,585.0,585.0,320.0,240.0
39,0.88407701,0.3258414,-0.33486578,-0.42251548,-0.31150356,0.94519925,0.097326145,0.0090927016,0.34824052,0.018267879,0.93716079,0.33622485,585.0,585.0,320.0,240.0
40,0.88374174,0.32074502,-0.34062108,-0.42632046,-0.30717358,0.94688463,0.094667353,0.0065144314,0.35290599,0.020968262,0.93535703,0.33888173,585.0,585.0,320.0,240.0
41,0.88256508,0.3211478,-0.34328157,-0.43148109,-0.31022662,0.94653916,0.087925151,0.013013857,0.35317943,0.028895915,0.93504214,0.34200791,585.0,585.0,320.0,240.0
42,0.88194138,0.32765454,-0.33870426,-0.43866149,-0.31546652,0.9444021,0.092156596,0.016164552,0.3500815,0.025573447,0.93630284,0.34518537,585.0,585.0,320.0,240.0
43,0.88187814,0.33000031,-0.33658484,-0.44278741,-0.31614736,0.94369894,0.096904673,0.011324389,0.34962618,0.020952299,0.93658769,0.34778523,585.0,585.0,320.0,240.0
44,0.88036978,0.3304213,-0.34010169,-0.4447473,-0.3194063,0.94331688,0.089666039,0.010689603,0.35046422,0.029691935,0.93603796,0.35072863,585.0,585.0,320.0,240.0
45,0.87989223,0.33390141,-0.33793184,-0.4556793,-0.32490528,0.94189799,0.08468762,0.014522966,0.34658733,0.035280827,0.93728662,0.35317641,585.0,585.0,320.0,240.0
46,0.87866724,0.336045,-0.33899233,-0.46018603,-0.32755718,0.94105464,0.083842963,0.013487264,0.34719807,0.037370402,0.93697941,0.35573003,585.0,585.0,320.0,240.0
47,0.87794232,0.33547434,-0.34142676,-0.46677694,-0.32831472,0.94108665,0.080451429,0.014450061,0.34831437,0.041465066,0.93639272,0.35885948,585.0,585.0,320.0,240.0
48,0.87781274,0.33604363,-0.34120026,-0.4788301,-0.32920358,0.94084239,0.079672694,0.016668355,0.34780207,0.042388055,0.9365418,0.36095172,585.0,585.0,320.0,240.0
49,0.87608063,0.33765703,-0.34404686,-0.48510116,-0.33102396,0.94019175,0.079808719,0.016170802,0.35043114,0.043970436,0.93548805,0.36437181,585.0,585.0,320.0,240.0
50,0.87533414,0.33801427,-0.34559253,-0.49221814,-0.33330622,0.93978435,0.074959584,0.015904009,0.35013294,0.049575377,0.93531936,0.36744091,585.0,585.0,320.0,240.0
51,0.87490946,0.33723745,-0.34742105,-0.50158811,-0.33474922,0.93971527,0.069169946,0.017099505,0.34981671,0.055783812,0.93508774,0.37136638,585.0,585.0,320.0,240.0
52,0.87494743,0.33643201,-0.34810522,-0.51371151,-0.33484,0.93985897,0.066733837,0.023294974,0.34963441,0.058173433,0.93501025,0.37503782,585.0,585.0,320.0,240.0
53,0.87447113,0.33531535,-0.35037169,-0.52635139,-0.33191165,0.94053072,0.071713552,0.021026161,0.35359541,0.053583164,0.93379402,0.37803569,585.0,585.0,320.0,240.0
54,0.87269235,0.33631817,-0.35382858,-0.53654462,-0.3327229,0.94014645,0.072980955,0.021687662,0.35720912,0.054039083,0.93239135,0.38271248,585.0,585.0,320.0,240.0
55,0.87175578,0.33914644,-0.35343638,-0.54862201,-0.3346383,0.93923724,0.075869843,0.023143278,0.35770527,0.052135363,0.93230909,0.38640732,585.0,585.0,320.0,240.0
56,0.87086672,0.34075999,-0.35407493,-0.56176955,-0.33500069,0.93880367,0.079544857,0.022723205,0.3595264,0.049344148,0.93176025,0.3898775,585.0,585.0,320.0,240.0
57,0.86824435,0.3435224,-0.35782585,-0.57293946,-0.33708364,0.93781054,0.08240597,0.024003703,0.3638953,0.049070477,0.93007708,0.39424694,585.0,585.0,320.0,240.0
58,0.86608768,0.34680626,-0.35987872,-0.58530891,-0.33875933,0.93674862,0.087457202,0.026991686,0.36746097,0.046168189,0.92882282,0.39823002,585.0,585.0,320.0,240.0
59,0.86331016,0.35090357,-0.36257008,-0.59691834,-0.33970484,0.93551308,0.096541755,0.023399284,0.37308064,0.039822377,0.9268741,0.40245157,585.0,585.0,320.0,240.0
60,0.86106962,0.3526248,-0.36620995,-0.60764331,-0.34074381,0.93487775,0.099003017,0.025017789,0.37728745,0.039536256,0.92518198,0.40710568,585.0,585.0,320.0,240.0
61,0.85885876,0.355306,-0.36880091,-0.62020844,-0.34208122,0.93394256,0.10313124,0.026530756,0.38109729,0.03758553,0.92370057,0.41086915,585.0,585.0,320.0,240.0
62,0.85472769,0.36111605,-0.37273362,-0.62883443,-0.34510285,0.93187177,0.11145745,0.027630964,0.38760471,0.033366166,0.92115116,0.41526279,585.0,585.0,320.0,240.0
63,0.85251993,0.36510688,-0.3739,-0.63915098,-0.34568542,0.93053454,0.12045982,0.027095264,0.39192358,0.026557392,0.91954374,0.41914594,585.0,585.0,320.0,240.0
64,0.8497358,0.36930126,-0.37611151,-0.64880461,-0.34737614,0.92898637,0.12734751,0.025400119,0.3964484,0.022440143,0.91771173,0.42319384,585.0,585.0,320.0,240.0
65,0.84582061,0.37454882,-0.37972966,-0.65686923,-0.35137981,0.92689002,0.1315677,0.02674102,0.40126282,0.02214634,0.91562384,0.42605945,585.0,585.0,320.0,240.0
66,0.84270859,0.37803471,-0.38317826,-0.66588712,-0.35399106,0.92547071,0.13452618,0.0285773,0.40549272,0.022274969,0.91375524,0.42901105,585.0,585.0,320.0,240.0
67,0.83869064,0.38238743,-0.38764843,-0.67451859,-0.35645741,0.92371529,0.1399678,0.028464252,0.41161597,0.020789988,0.91104823,0.43209273,585.0,585.0,320.0,240.0
68,0.83481205,0.38773057,-0.39070114,-0.68411791,-0.36027652,0.92150319,0.14468946,0.029868973,0.41615048,0.019971402,0.90900403,0.43403995,585.0,585.0,320.0,240.0
69,0.83124107,0.39114335,-0.39489093,-0.69086772,-0.3612994,0.9201141,0.15084727,0.028984644,0.42236564,0.017282663,0.90618807,0.43729573,585.0,585.0,320.0,240.0
70,0.82873505,0.39134103,-0.39992997,-0.69912213,-0.35915902,0.92008114,0.15606843,0.028508209,0.42906252,0.014298124,0.90308869,0.43923727,585.0,585.0,320.0,240.0
71,0.82412624,0.39579761,-0.40503541,-0.70783311,-0.36179945,0.91818058,0.16108176,0.02939372,0.43567032,0.013788892,0.89992738,0.44125608,585.0,585.0,320.0,240.0
72,0.8206532,0.40139306,-0.40657771,-0.71512043,-0.36656308,0.91574025,0.16417325,0.029410079,0.43823662,0.014306105,0.89867228,0.44315696,585.0,585.0,320.0,240.0
73,0.81895977,0.40531206,-0.40610418,-0.72231913,-0.36913896,0.91403931,0.16783845,0.029395159,0.43924129,0.012454783,0.8982091,0.44484004,585.0,585.0,320.0,240.0
74,0.8177225,0.40553129,-0.40837181,-0.72794342,-0.36653683,0.91399467,0.17368151,0.026884206,0.44370246,0.0076585202,0.89606744,0.44594139,585.0,585.0,320.0,240.0
75,0.81611896,0.40206978,-0.41494894,-0.73136967,-0.36210412,0.91552389,0.17492045,0.025981029,0.45024583,0.0074973153,0.89279866,0.4476665,585.0,585.0,320.0,240.0
76,0.81515378,0.40057501,-0.4182784,-0.73869926,-0.35903344,0.91619408,0.17771789,0.025011202,0.45443377,0.0053068898,0.89068997,0.44785506,585.0,585.0,320.0,240.0
77,0.81307554,0.4007566,-0.42213121,-0.7417239,-0.35803941,0.91611785,0.18009934,0.021069186,0.45891854,0.0047035469,0.88839084,0.44956741,585.0,585.0,320.0,240.0
78,0.81116104,0.4006269,-0.42592004,-0.74489009,-0.35929599,0.91614145,0.17745659,0.017726822,0.46131781,0.0090841213,0.88711327,0.4509643,585.0,585.0,320.0,240.0
79,0.81049019,0.39912376,-0.42859936,-0.74885738,-0.35874236,0.9167679,0.17532711,0.01617364,0.46292454,0.011654624,0.88624561,0.4512831,585.0,585.0,320.0,240.0
80,0.80967009,0.39643207,-0.43262827,-0.75221449,-0.35590106,0.91792732,0.17505044,0.013953766,0.46653837,0.012238574,0.88434035,0.45195672,585.0,585.0,320.0,240.0
81,0.80706662,0.39425561,-0.43942758,-0.75291538,-0.35430855,0.91881365,0.1736242,0.010094662,0.47222644,0.015565719,0.88126367,0.45359877,585.0,585.0,320.0,240.0
82,0.80495709,0.39313576,-0.44427332,-0.75485671,-0.3558183,0.91915405,0.16866286,0.0090258103,0.47468531,0.022313759,0.87979621,0.45529306,585.0,585.0,320.0,240.0
83,0.80362868,0.39246014,-0.447265,-0.75768465,-0.35675451,0.91933376,0.16567859,0.0066259643,0.47623059,0.026419606,0.87884682,0.45618907,585.0,585.0,320.0,240.0
84,0.80151474,0.39274365,-0.45079502,-0.76059347,-0.35871398,0.91906518,0.16291438,0.0037802835,0.47831634,0.031128395,0.87755889,0.45783031,585.0,585.0,320.0,240.0
85,0.79996771,0.39189538,-0.45426741,-0.76307023,-0.35868725,0.91933352,0.16145301,0.0017599358,0.48091885,0.033783067,0.87603694,0.45938447,585.0,585.0,320.0,240.0
86,0.79796112,0.38882089,-0.46039683,-0.76472956,-0.35590282,0.92056519,0.1605937,-0.00041145759,0.48629075,0.035709497,0.87298942,0.46124452,585.0,585.0,320.0,240.0
87,0.79510903,0.38950038,-0.46473622,-0.77002484,-0.35671902,0.92019296,0.16091563,-0.0030278903,0.49034721,0.037835412,0.87062758,0.46257409,585.0,585.0,320.0,240.0
88,0.7919243,0.39302996,-0.46719563,-0.77350169,-0.3612521,0.91851974,0.16036037,-0.004587776,0.4921785,0.041783068,0.86941278,0.46501738,585.0,585.0,320.0,240.0
89,0.78984731,0.39707249,-0.46729308,-0.77832687,-0.36600488,0.91665369,0.1602596,-0.006234901,0.49200431,0.044452056,0.86937881,0.46701661,585.0,585.0,320.0,240.0
90,0.78679997,0.40018913,-0.46976858,-0.78109151,-0.36914426,0.91519839,0.16137303,-0.0092857359,0.49453506,0.046445362,0.86783731,0.47026661,585.0,585.0,320.0,240.0
91,0.78394252,0.40023935,-0.47447884,-0.7830466,-0.37003514,0.91500038,0.16045217,-0.012459429,0.49839175,0.049790077,0.8654421,0.4738051,585.0,585.0,320.0,240.0
92,0.78084052,0.3988643,-0.48071057,-0.78619009,-0.36969498,0.91538829,0.15901698,-0.01421896,0.50348735,0.053551111,0.86226201,0.47713569,585.0,585.0,320.0,240.0
93,0.77792233,0.39831132,-0.48587236,-0.79020292,-0.36951816,0.91548526,0.15886895,-0.015684316,0.50811303,0.055952828,0.85939121,0.48137271,585.0,585.0,320.0,240.0
94,0.77575338,0.39703247,-0.49036562,-0.79560173,-0.36652714,0.91615081,0.1619308,-0.018420238,0.51356596,0.054115705,0.85626179,0.48421669,585.0,585.0,320.0,240.0
95,0.77146631,0.39458126,-0.49903065,-0.7976526,-0.36216584,0.91726625,0.16539179,-0.022951314,0.52303034,0.053139303,0.85057509,0.48948091,585.0,585.0,320.0,240.0
96,0.76710302,0.39274269,-0.50714111,-0.8014679,-0.35987937,0.91795933,0.16653256,-0.026740372,0.53096575,0.054763772,0.8455404,0.49375194,585.0,585.0,320.0,240.0
97,0.76236016,0.39579463,-0.51189768,-0.80519265,-0.36260718,0.91650605,0.16860613,-0.031156424,0.5359174,0.057081081,0.84225672,0.5002436,585.0,585.0,320.0,240.0
98,0.75904149,0.39333653,-0.51867884,-0.80663013,-0.35874996,0.91760635,0.17085737,-0.037282016,0.54317468,0.056390058,0.83764142,0.50668401,585.0,585.0,320.0,240.0
99,0.75657332,0.38342959,-0.52958786,-0.80810165,-0.349332,0.92170924,0.16826934,-0.043083839,0.55267328,0.057695832,0.83131522,0.51093614,585.0,585.0,320.0,240.0
100,0.75356609,0.37624899,-0.53894234,-0.81061584,-0.34265983,0.92455983,0.166337,-0.045850113,0.56089717,0.059330028,0.82567275,0.51769805,585.0,585.0,320.0,240.0
101,0.75099027,0.37242752,-0.545156,-0.81396538,-0.33875206,0.92606133,0.16598809,-0.051932108,0.56669545,0.060019337,0.82165396,0.52228618,585.0,585.0,320.0,240.0
102,0.74965519,0.3666063,-0.55090827,-0.81694829,-0.33483171,0.92818397,0.16203809,-0.058425847,0.57077807,0.062991157,0.81859976,0.5270313,585.0,585.0,320.0,240.0
103,0.74853444,0.36369276,-0.5543521,-0.82309461,-0.33601382,0.92884648,0.15566878,-0.06269417,0.57155359,0.06974934,0.81750983,0.53009993,585.0,585.0,320.0,240.0
104,0.74571896,0.36445525,-0.55763566,-0.82658094,-0.33997631,0.92803037,0.15188622,-0.06742429,0.57288861,0.076321758,0.81598651,0.53655601,585.0,585.0,320.0,240.0
105,0.7445088,0.36238405,-0.56059438,-0.83018792,-0.33929574,0.92863673,0.14968561,-0.074563868,0.57486236,0.078768544,0.81436384,0.54251128,585.0,585.0,320.0,240.0
106,0.74095219,0.35779965,-0.5681991,-0.83275223,-0.33737373,0.92997563,0.14566293,-0.078412399,0.58056003,0.083770066,0.8098098,0.54921424,585.0,585.0,320.0,240.0
107,0.73707741,0.35759762,-0.57334238,-0.83661073,-0.33647797,0.930013,0.14748347,-0.085287064,0.58598655,0.084214255,0.80584538,0.55567682,585.0,585.0,320.0,240.0
108,0.73612088,0.35553405,-0.57584912,-0.84247702,-0.3349255,0.93072921,0.14649437,-0.092649661,0.58807439,0.085032977,0.80423671,0.56046319,585.0,585.0,320.0,240.0
109,0.73392814,0.35099182,-0.58140755,-0.84559023,-0.33193037,0.93222564,0.14377001,-0.094751127,0.59249651,0.087474145,0.80072135,0.56799185,585.0,585.0,320.0,240.0
110,0.72978306,0.34964901,-0.587403,-0.84872597,-0.3272332,0.93308651,0.1488619,-0.10322375,0.60017943,0.083584733,0.79539728,0.57314324,585.0,585.0,320.0,240.0
111,0.72391242,0.34872305,-0.59516609,-0.85076052,-0.32764149,0.93305165,0.14817922,-0.10964074,0.60702693,0.087736465,0.78973329,0.581034,585.0,585.0,320.0,240.0
112,0.72055906,0.35326967,-0.59655243,-0.85619467,-0.3336398,0.93090844,0.14827342,-0.1214579,0.60774916,0.092198439,0.78866887,0.58505744,585.0,585.0,320.0,240.0
113,0.72014987,0.34969205,-0.59914851,-0.85767525,-0.33656499,0.93128544,0.13900444,-0.11959268,0.60661995,0.10155363,0.78838885,0.59559822,585.0,585.0,320.0,240.0
114,0.7190156,0.33927503,-0.60645527,-0.85898101,-0.32807142,0.93502414,0.13412444,-0.12060494,0.61258894,0.10252842,0.78363281,0.60154819,585.0,585.0,320.0,240.0
115,0.71304703,0.32899436,-0.61903566,-0.85803545,-0.31820416,0.93868071,0.13234274,-0.1262994,0.62465137,0.10261838,0.77403998,0.60825956,585.0,585.0,320.0,240.0
116,0.70736629,0.33138648,-0.6242547,-0.86287147,-0.32067814,0.93755591,0.13432842,-0.13220973,0.62982321,0.10517085,0.76949275,0.61189562,585.0,585.0,320.0,240.0
117,0.70241076,0.33836222,-0.62610519,-0.86604518,-0.32931641,0.93438578,0.13551091,-0.13246706,0.63091058,0.11100824,0.76777965,0.61937386,585.0,585.0,320.0,240.0
118,0.69853032,0.34483513,-0.62691396,-0.87133586,-0.33464238,0.93187243,0.13970509,-0.13772556,0.6324144,0.11220972,0.76636642,0.62242907,585.0,585.0,320.0,240.0
119,0.69287819,0.34693256,-0.63200808,-0.87252468,-0.33779696,0.93061149,0.14051388,-0.14509973,0.63693881,0.11613773,0.7620219,0.62730366,585.0,585.0,320.0,240.0
120,0.68984324,0.3513622,-0.63287991,-0.87689495,-0.34523192,0.92811245,0.1389621,-0.14643432,0.63624567,0.12263509,0.76158243,0.63055623,585.0,585.0,320.0,240.0
121,0.68791068,0.35325199,-0.63393044,-0.87956643,-0.3478353,0.92710906,0.13916698,-0.14510137,0.6369198,0.12477592,0.76067054,0.63511568,585.0,585.0,320.0,240.0
122,0.69608861,0.33442912,-0.63521117,-0.89587963,-0.34250477,0.93232644,0.11552425,-0.12728526,0.63089442,0.13715567,0.76355451,0.66216177,585.0,585.0,320.0,240.0
123,0.68920422,0.33254561,-0.64365047,-0.897008,-0.33949512,0.93304843,0.11854015,-0.13093416,0.64001316,0.13682567,0.75598729,0.66855496,585.0,585.0,320.0,240.0
124,0.68325251,0.33849829,-0.64688426,-0.89920652,-0.34450161,0.93061978,0.12309805,-0.13621336,0.64370829,0.13875365,0.75249052,0.67155099,585.0,585.0,320.0,240.0
125,0.67975968,0.34085879,-0.64932007,-0.90050286,-0.34659091,0.92957163,0.12513496,-0.14528416,0.64627951,0.13999489,0.75005251,0.6737361,585.0,585.0,320.0,240.0
126,0.67569166,0.34071663,-0.65362608,-0.9015339,-0.34811234,0.92909539,0.1244446,-0.14938925,0.64971834,0.14345749,0.74641824,0.67917067,585.0,585.0,320.0,240.0
127,0.66869187,0.34069601,-0.66079581,-0.90529692,-0.3474308,0.92895401,0.12736957,-0.16077721,0.6572808,0.14441824,0.73958051,0.68940228,585.0,585.0,320.0,240.0
128,0.66646647,0.34158632,-0.66258192,-0.9083277,-0.34363848,0.9294982,0.1335364,-0.1773304,0.6615209,0.1386991,0.73688972,0.69111329,585.0,585.0,320.0,240.0
129,0.66403621,0.33661237,-0.66754854,-0.90799773,-0.34153026,0.93082631,0.12963504,-0.186946,0.66504687,0.14191395,0.73309386,0.69568288,585.0,585.0,320.0,240.0
130,0.66236424,0.33455753,-0.67023718,-0.90921909,-0.34185022,0.93108225,0.12692483,-0.18942653,0.66654807,0.14505878,0.7311123,0.70089042,585.0,585.0,320.0,240.0
131,0.66147232,0.33182818,-0.67247099,-0.91223788,-0.33511639,0.93299919,0.13074717,-0.20503101,0.67083937,0.13887843,0.72838241,0.70281005,585.0,585.0,320.0,240.0
132,0.65748537,0.33178487,-0.67639047,-0.91450429,-0.33591139,0.93268096,0.13097614,-0.21804018,0.67435163,0.14110053,0.7247026,0.7047593,585.0,585.0,320.0,240.0
133,0.6550746,0.33577332,-0.67676121,-0.91667688,-0.34384927,0.93010998,0.12863855,-0.22503513,0.6726948,0.14844471,0.72477514,0.70782608,585.0,585.0,320.0,240.0
134,0.6556558,0.33694384,-0.67561549,-0.91718483,-0.34761888,0.92906976,0.12599543,-0.23012406,0.67018622,0.15225604,0.72630656,0.71308345,585.0,585.0,320.0,240.0
135,0.65556115,0.33487755,-0.67673337,-0.91959429,-0.34655234,0.92969096,0.12433967,-0.23767073,0.67083049,0.15302037,0.72555047,0.71801996,585.0,585.0,320.0,240.0
136,0.65417141,0.33469015,-0.67816925,-0.92131728,-0.347451,0.92946076,0.12354925,-0.24843702,0.6717217,0.15481745,0.72434384,0.72209269,585.0,585.0,320.0,240.0
137,0.65402061,0.33593866,-0.6776973,-0.92285341,-0.35153246,0.92827386,0.12089776,-0.25536641,0.66974181,0.15917256,0.72523248,0.72547978,585.0,585.0,320.0,240.0
138,0.65524799,0.33504575,-0.67695314,-0.92468596,-0.35155129,0.92847949,0.11925242,-0.26043457,0.66853094,0.15985349,0.72619903,0.73197818,585.0,585.0,320.0,240.0
139,0.65627456,0.32739761,-0.67969519,-0.92497218,-0.34677351,0.93098021,0.11361071,-0.26370126,0.6700176,0.16115019,0.72454029,0.73505759,585.0,585.0,320.0,240.0
140,0.65485835,0.32461289,-0.68239111,-0.92506933,-0.34879342,0.93088192,0.10809726,-0.27316999,0.67035425,0.16723531,0.7228477,0.73711866,585.0,585.0,320.0,240.0
141,0.65677768,0.32692465,-0.67943603,-0.92543465,-0.35344392,0.92941886,0.10555003,-0.28595582,0.66602635,0.17083016,0.72600043,0.73906702,585.0,585.0,320.0,240.0
142,0.66108865,0.32264638,-0.67729658,-0.92386919,-0.35416448,0.93003875,0.097355165,-0.28994554,0.66136199,0.17552492,0.7291376,0.74435401,585.0,585.0,320.0,240.0
143,0.66447884,0.31916666,-0.67562526,-0.92323321,-0.35401386,0.93069142,0.091485418,-0.29415476,0.65803641,0.17840178,0.73144424,0.74718636,585.0,585.0,320.0,240.0
144,0.6657871,0.31818247,-0.67480075,-0.92137259,-0.35371518,0.93095243,0.089971036,-0.30280113,0.65687335,0.17879704,0.73239243,0.74982733,585.0,585.0,320.0,240.0
145,0.66880029,0.31799233,-0.67190427,-0.92063934,-0.35732251,0.93008596,0.084508665,-0.30895033,0.65184039,0.18357882,0.73569834,0.75193715,585.0,585.0,320.0,240.0
146,0.67364162,0.32002187,-0.66607887,-0.91993338,-0.36173621,0.92874503,0.080376491,-0.31622764,0.64437771,0.18681191,0.74143618,0.75422871,585.0,585.0,320.0,240.0
147,0.68293518,0.32144073,-0.65585327,-0.91737163,-0.36676088,0.92741179,0.072627597,-0.32542261,0.63162845,0.19095367,0.75128597,0.75768536,585.0,585.0,320.0,240.0
148,0.68857867,0.32348165,-0.64891207,-0.91658664,-0.371705,0.92585737,0.067110531,-0.33117861,0.62254548,0.19500567,0.75779796,0.75847656,585.0,585.0,320.0,240.0
149,0.69665414,0.32042596,-0.64176923,-0.91517276,-0.37146196,0.9264847,0.059349239,-0.33577961,0.61364228,0.19705983,0.76449847,0.75951934,585.0,585.0,320.0,240.0
150,0.70352107,0.31905547,-0.63492483,-0.91287065,-0.37097296,0.92696339,0.054754097,-0.34388667,0.60605687,0.19703214,0.77053267,0.75986093,585.0,585.0,320.0,240.0
151,0.71155065,0.31907356,-0.62590355,-0.91144365,-0.37222633,0.92676759,0.049286488,-0.34543303,0.59582776,0.19792096,0.77824366,0.75946635,585.0,585.0,320.0,240.0
152,0.71983552,0.31628272,-0.6177941,-0.90761763,-0.37081766,0.92765176,0.042849414,-0.35036692,0.58668429,0.19825751,0.78507429,0.75937086,585.0,585.0,320.0,240.0
153,0.72735047,0.31176913,-0.61125159,-0.90456915,-0.37120122,0.92794967,0.031594928,-0.34447148,0.57709438,0.20393038,0.7907086,0.761163,585.0,585.0,320.0,240.0
154,0.7332952,0.31006631,-0.60498232,-0.90122283,-0.3697935,0.928635,0.027720662,-0.34662062,0.57043612,0.20340475,0.79565942,0.76192486,585.0,585.0,320.0,240.0
155,0.74041414,0.30704609,-0.59780926,-0.89729589,-0.36698967,0.92987353,0.023066889,-0.35119101,0.56300223,0.20232436,0.80121005,0.76170367,585.0,585.0,320.0,240.0
156,0.74594259,0.30694306,-0.59094989,-0.89254493,-0.36623222,0.93022364,0.02087725,-0.35785034,0.55615586,0.20086522,0.80634212,0.76194358,585.0,585.0,320.0,240.0
157,0.75218529,0.30693147,-0.58298922,-0.88872206,-0.36562708,0.93051857,0.018158261,-0.35713992,0.54808718,0.19951174,0.81218159,0.76201463,585.0,585.0,320.0,240.0
158,0.75832409,0.30980086,-0.57344031,-0.8864221,-0.36736453,0.92986387,0.016551221,-0.36014259,0.53837997,0.19812386,0.81898534,0.76095712,585.0,585.0,320.0,240.0
159,0.76504868,0.30960247,-0.56454641,-0.88204134,-0.36682209,0.93013436,0.012992564,-0.36207953,0.52915674,0.1971615,0.82520491,0.76095814,585.0,585.0,320.0,240.0
160,0.77218246,0.30168754,-0.5590924,-0.87669104,-0.35841316,0.9334569,0.0086780814,-0.36061004,0.52453661,0.19369809,0.82896596,0.76267344,585.0,585.0,320.0,240.0
161,0.77998722,0.29387996,-0.55237627,-0.86883289,-0.3503263,0.93655509,0.0035933107,-0.36869049,0.51841623,0.19072208,0.83349341,0.76091534,585.0,585.0,320.0,240.0
162,0.78551203,0.29730567,-0.54262799,-0.86590803,-0.35362667,0.93532056,0.00054962764,-0.37441027,0.50772321,0.19146903,0.83987981,0.7588222,585.0,585.0,320.0,240.0
163,0.79158473,0.29464063,-0.53520536,-0.8600052,-0.35256904,0.93569821,-0.0063402453,-0.37477037,0.49895087,0.19372903,0.84460527,0.75939888,585.0,585.0,320.0,240.0
164,0.79818904,0.29034069,-0.52769375,-0.85599828,-0.34910852,0.93693209,-0.012554275,-0.37531298,0.4907957,0.19425644,0.84924954,0.75848556,585.0,585.0,320.0,240.0
165,0.80423534,0.28546169,-0.52113444,-0.85089976,-0.34459108,0.93852007,-0.017693164,-0.37670299,0.48407143,0.19382113,0.85319912,0.75845474,585.0,585.0,320.0,240.0
166,0.8100161,0.28620613,-0.51168728,-0.84775543,-0.34438527,0.93854457,-0.020207815,-0.37857065,0.47448412,0.19259958,0.85884237,0.7571947,585.0,585.0,320.0,240.0
167,0.81699765,0.28471464,-0.5013147,-0.8445214,-0.34125865,0.93963385,-0.022500187,-0.37900913,0.46467173,0.18947367,0.8648814,0.75709814,585.0,585.0,320.0,240.0
168,0.82276011,0.28056329,-0.49418008,-0.84073937,-0.33676285,0.94115436,-0.026349174,-0.38072023,0.45773229,0.18811357,0.86886948,0.75768507,585.0,585.0,320.0,240.0
169,0.82783765,0.28132707,-0.48518446,-0.83810169,-0.33726868,0.94086683,-0.02991032,-0.3827745,0.44810376,0.18841153,0.87380993,0.75678188,585.0,585.0,320.0,240.0
170,0.83449334,0.27988279,-0.47450042,-0.8349607,-0.3343035,0.9418425,-0.032388136,-0.3843931,0.43786338,0.1856678,0.87956965,0.75560516,585.0,585.0,320.0,240.0
171,0.84005708,0.27841961,-0.46545747,-0.83240467,-0.33180952,0.94263047,-0.035001434,-0.38702255,0.42903242,0.1838593,0.88428873,0.75526679,585.0,585.0,320.0,240.0
172,0.84732831,0.26993504,-0.45720214,-0.82857794,-0.32440165,0.94485909,-0.043358337,-0.38684875,0.42030999,0.18506885,0.88821638,0.75496477,585.0,585.0,320.0,240.0
173,0.85262835,0.26472569,-0.45034319,-0.82579792,-0.3191745,0.9464159,-0.047954537,-0.39023361,0.41353896,0.18463844,0.89147806,0.7542097,585.0,585.0,320.0,240.0
174,0.85748863,0.2622754,-0.44248003,-0.82283193,-0.31619626,0.94724011,-0.051293314,-0.39178476,0.40570307,0.18390691,0.89522189,0.75349402,585.0,585.0,320.0,240.0
175,0.86351961,0.2582359,-0.43302619,-0.81941217,-0.31116414,0.94871229,-0.05474066,-0.39427778,0.39670184,0.18202472,0.89962971,0.75341934,585.0,585.0,320.0,240.0
176,0.86796665,0.25923193,-0.42343342,-0.81748736,-0.31220147,0.94808269,-0.05952898,-0.39516073,0.38603789,0.18387881,0.90388155,0.75181597,585.0,585.0,320.0,240.0
177,0.87274981,0.2601563,-0.41290358,-0.81398124,-0.31172356,0.9481132,-0.061511915,-0.39774531,0.37549564,0.18240933,0.90860778,0.7512278,585.0,585.0,320.0,240.0
178,0.87867242,0.25861013,-0.40114641,-0.81257594,-0.30859682,0.94895887,-0.064177521,-0.39838889,0.36409262,0.18019639,0.91367602,0.749888,585.0,585.0,320.0,240.0
179,0.8889907,0.24966756,-0.38369825,-0.80545896,-0.29693869,0.95238662,-0.068270013,-0.40011704,0.34840125,0.17463872,0.92084521,0.7493394,585.0,585.0,320.0,240.0
180,0.89383245,0.24646538,-0.37440717,-0.79940391,-0.29166377,0.95401406,-0.068285316,-0.40232584,0.3403762,0.17024881,0.92466056,0.74973321,585.0,585.0,320.0,240.0
181,0.89919776,0.24255325,-0.36396933,-0.79529035,-0.28639495,0.95542276,-0.070841938,-0.40386242,0.33057734,0.16795193,0.92862713,0.75000221,585.0,585.0,320.0,240.0
182,0.90440178,0.23531248,-0.35573509,-0.78726733,-0.27896097,0.95722187,-0.076028533,-0.40267256,0.32264197,0.16800861,0.93140358,0.75140351,585.0,585.0,320.0,240.0
183,0.9085806,0.23288822,-0.34656349,-0.78197038,-0.2756772,0.9579311,-0.079014547,-0.40161926,0.31359679,0.1673428,0.93460727,0.75157243,585.0,585.0,320.0,240.0
184,0.91369307,0.2306293,-0.33442008,-0.77806485,-0.27134502,0.95909107,-0.079932682,-0.40120274,0.3023181,0.16378899,0.93894291,0.75120044,585.0,585.0,320.0,240.0
185,0.91903055,0.22629015,-0.32254741,-0.77529919,-0.26529366,0.96061164,-0.081958525,-0.40281835,0.29130927,0.16090381,0.94291347,0.75060785,585.0,585.0,320.0,240.0
186,0.92250079,0.22524379,-0.31323859,-0.77167851,-0.26405841,0.96051049,-0.086977266,-0.40017864,0.28129002,0.16296178,0.9455983,0.74975657,585.0,585.0,320.0,240.0
187,0.92717344,0.22208773,-0.30147552,-0.76782256,-0.25938353,0.96156442,-0.089365132,-0.39921856,0.27005258,0.16106656,0.94919217,0.74882549,585.0,585.0,320.0,240.0
188,0.93117058,0.21763039,-0.29226562,-0.76263994,-0.25389367,0.96278054,-0.091996931,-0.39753795,0.2613771,0.15988098,0.95181745,0.74849713,585.0,585.0,320.0,240.0
189,0.9349798,0.21519403,-0.28171802,-0.75696182,-0.24983847,0.96374393,-0.093006015,-0.39504451,0.25149974,0.15735433,0.95489472,0.74808395,585.0,585.0,320.0,240.0
190,0.93933821,0.21148294,-0.26977703,-0.75272328,-0.24359964,0.96550107,-0.091315866,-0.3941344,0.24116753,0.15150519,0.95849925,0.74749792,585.0,585.0,320.0,240.0
191,0.94278187,0.20835932,-0.26001835,-0.74649841,-0.23860364,0.96683538,-0.090384029,-0.39400113,0.23257123,0.14726451,0.96128041,0.74748939,585.0,585.0,320.0,240.0
192,0.94707537,0.20352717,-0.24796267,-0.7423991,-0.23192377,0.96840656,-0.090948001,-0.39220542,0.2216261,0.14365353,0.9644075,0.74633306,585.0,585.0,320.0,240.0
193,0.95041102,0.2008194,-0.2371719,-0.73886639,-0.22736149,0.96956271,-0.090142377,-0.39108887,0.21185784,0.13960627,0.96719301,0.74496496,585.0,585.0,320.0,240.0
194,0.95401639,0.19636212,-0.22617312,-0.73412621,-0.22093399,0.97117597,-0.088745259,-0.38942009,0.20223412,0.13464363,0.96995282,0.74376452,585.0,585.0,320.0,240.0
195,0.95765805,0.19019312,-0.21581669,-0.72884327,-0.21284512,0.97315091,-0.086858377,-0.38859808,0.19350819,0.12912562,0.97247994,0.74227482,585.0,585.0,320.0,240.0
196,0.96037364,0.18620756,-0.20704633,-0.72255683,-0.20750499,0.97436148,-0.086203396,-0.38679674,0.18569154,0.1257598,0.97444296,0.74053413,585.0,585.0,320.0,240.0
197,0.96332097,0.18334727,-0.1955892,-0.71780473,-0.20317329,0.97525108,-0.086460263,-0.38485038,0.17490079,0.12303647,0.97678429,0.73784739,585.0,585.0,320.0,240.0
198,0.96656227,0.17964613,-0.18260063,-0.71400172,-0.19807418,0.97615224,-0.088106349,-0.38105154,0.16242158,0.12133764,0.97914869,0.73492706,585.0,585.0,320.0,240.0
199,0.96975726,0.17169744,-0.17305839,-0.70916438,-0.18902434,0.97785938,-0.089050323,-0.37905228,0.15393996,0.11907818,0.98079479,0.73259872,585.0,585.0,320.0,240.0
200,0.97225642,0.16427894,-0.16609631,-0.70353621,-0.18066891,0.97945935,-0.088809885,-0.3773796,0.14809746,0.11636292,0.98201954,0.73030251,585.0,585.0,320.0,240.0
201,0.97381204,0.16105878,-0.16002467,-0.69577694,-0.17651038,0.98033905,-0.087453321,-0.3766982,0.1427954,0.1134174,0.98314869,0.72781909,585.0,585.0,320.0,240.0
202,0.97587079,0.1577788,-0.15046346,-0.6893661,-0.17219874,0.98104858,-0.088087954,-0.37551159,0.13371494,0.11188029,0.9846006,0.72541893,585.0,585.0,320.0,240.0
203,0.97842556,0.15125085,-0.1402273,-0.68477899,-0.16486205,0.98203635,-0.091068618,-0.3718389,0.12393476,0.1122303,0.98583966,0.72241926,585.0,585.0,320.0,240.0
204,0.98007667,0.1450454,-0.13516077,-0.67751145,-0.1580825,0.98313409,-0.091244489,-0.37027383,0.11964691,0.11080132,0.98653072,0.71914595,585.0,585.0,320.0,240.0
205,0.98187,0.13830408,-0.12907363,-0.67318213,-0.1506575,0.9842872,-0.0913729,-0.36740482,0.11440825,0.1091703,0.98733354,0.71632713,585.0,585.0,320.0,240.0
206,0.98329592,0.13258867,-0.12411994,-0.66589987,-0.14444603,0.98516601,-0.091927379,-0.36461222,0.11008992,0.10832848,0.98791695,0.71298385,585.0,585.0,320.0,240.0
207,0.98448294,0.12875932,-0.11862018,-0.65950686,-0.13984767,0.9859702,-0.090401307,-0.36120898,0.10531532,0.10559512,0.98873305,0.71009159,585.0,585.0,320.0,240.0
208,0.98572308,0.12457017,-0.11264346,-0.65724391,-0.13485537,0.98681188,-0.088787556,-0.36039981,0.10009659,0.1027181,0.98957795,0.70648795,585.0,585.0,320.0,240.0
209,0.98643541,0.12010838,-0.11124468,-0.6488542,-0.13048981,0.98717469,-0.091243535,-0.3572,0.098857686,0.1045299,0.98951274,0.70352471,585.0,585.0,320.0,240.0
210,0.98732895,0.11850904,-0.10484934,-0.64304405,-0.1281727,0.98752213,-0.090766475,-0.35333872,0.09278281,0.10306283,0.9902547,0.70042408,585.0,585.0,320.0,240.0
211,0.98849893,0.1151026,-0.097349524,-0.63869393,-0.12402916,0.98801094,-0.091202773,-0.35146818,0.085682593,0.10223561,0.99097997,0.69687295,585.0,585.0,320.0,240.0
212,0.98911947,0.11085799,-0.095961571,-0.6324625,-0.11983518,0.98831934,-0.093440175,-0.34834853,0.084479876,0.10393082,0.99090689,0.69348854,585.0,585.0,320.0,240.0
213,0.98989046,0.10583839,-0.093651526,-0.62327445,-0.11479754,0.98866558,-0.096064985,-0.34290913,0.082420312,0.1058527,0.99087679,0.690283,585.0,585.0,320.0,240.0
214,0.99070287,0.10215521,-0.0890368,-0.61730248,-0.11078735,0.98892629,-0.098069355,-0.3407878,0.078029819,0.10702979,0.99110574,0.68670553,585.0,585.0,320.0,240.0
215,0.99141473,0.099522434,-0.083947413,-0.60999513,-0.10785895,0.98891425,-0.1013995,-0.33362451,0.07292214,0.10959175,0.99121463,0.68443757,585.0,585.0,320.0,240.0
216,0.99253517,0.091938496,-0.079219587,-0.60178405,-0.099776946,0.98976183,-0.10140499,-0.33044711,0.069082081,0.10856056,0.99160302,0.68052155,585.0,585.0,320.0,240.0
217,0.99329817,0.085742608,-0.07655894,-0.59526092,-0.093510464,0.99006414,-0.10438193,-0.32744554,0.066844679,0.1108499,0.991503,0.67816037,585.0,585.0,320.0,240.0
218,0.99379975,0.081015326,-0.075184666,-0.58688444,-0.088955514,0.989981,-0.10904598,-0.32151046,0.065593287,0.11506684,0.99110597,0.67588615,585.0,585.0,320.0,240.0
219,0.99458176,0.074579157,-0.071405299,-0.58074141,-0.082217701,0.9903723,-0.11076616,-0.31393242,0.062453039,0.11604578,0.99119467,0.67418599,585.0,585.0,320.0,240.0
220,0.99495834,0.0702006,-0.070591561,-0.57460243,-0.077697001,0.99085426,-0.10971335,-0.3090702,0.062240042,0.11465383,0.9913699,0.67199141,585.0,585.0,320.0,240.0
221,0.99506682,0.069221877,-0.070022345,-0.56637472,-0.076624542,0.99099481,-0.10919563,-0.30237722,0.061829075,0.11403123,0.99146724,0.67055672,585.0,585.0,320.0,240.0
222,0.99500871,0.070579045,-0.069492973,-0.56621838,-0.077907979,0.99090803,-0.10907444,-0.3025074,0.061158746,0.11395289,0.99151778,0.67082524,585.0,585.0,320.0,240.0
223,0.99562883,0.064542815,-0.066408731,-0.55967897,-0.071472585,0.9915266,-0.10785154,-0.30038372,0.058880806,0.11213521,0.99186271,0.66883254,585.0,585.0,320.0,240.0
224,0.99568051,0.062068757,-0.06797374,-0.55116457,-0.069415815,0.99125403,-0.111633,-0.29139927,0.060446255,0.11587831,0.99133807,0.66838276,585.0,585.0,320.0,240.0
225,0.99593431,0.057556517,-0.068227366,-0.5452984,-0.064726435,0.99197674,-0.10796984,-0.28459489,0.061461635,0.11195564,0.99172616,0.66671437,585.0,585.0,320.0,240.0
226,0.99611145,0.055274952,-0.067523912,-0.53919321,-0.062259968,0.99233598,-0.10610254,-0.28267759,0.061137613,0.10990248,0.99197584,0.6650719,585.0,585.0,320.0,240.0
227,0.99638647,0.050881993,-0.06691727,-0.53205633,-0.057915729,0.99242556,-0.10771111,-0.27442408,0.060925867,0.11120603,0.99184352,0.66444415,585.0,585.0,320.0,240.0
228,0.99644083,0.049866743,-0.066870466,-0.53110868,-0.056911469,0.99246228,-0.10790917,-0.27438065,0.060981359,0.11133941,0.9918251,0.66430354,585.0,585.0,320.0,240.0
229,0.9966554,0.042070109,-0.068997599,-0.52598447,-0.049228001,0.9931308,-0.10551085,-0.27166364,0.064081065,0.10856292,0.99193728,0.6623413,585.0,585.0,320.0,240.0
230,0.99635565,0.040404536,-0.074131317,-0.51627547,-0.048313346,0.99289119,-0.1081557,-0.26407409,0.069231018,0.11135167,0.99128181,0.66172749,585.0,585.0,320.0,240.0
231,0.99657577,0.037112925,-0.072879396,-0.50993115,-0.044767059,0.99325514,-0.10632463,-0.258459,0.068438426,0.10923157,0.9915725,0.65976638,585.0,585.0,320.0,240.0
232,0.99674714,0.034205612,-0.071950175,-0.50194854,-0.041646045,0.99357909,-0.10454786,-0.25431183,0.067908674,0.10721249,0.99182916,0.6585142,585.0,585.0,320.0,240.0
233,0.99677545,0.026726367,-0.074671544,-0.49218893,-0.034270186,0.99416614,-0.10160156,-0.25088894,0.071517408,0.10384093,0.99193412,0.65752882,585.0,585.0,320.0,240.0
234,0.99677306,0.025589582,-0.075099409,-0.4923237,-0.033195153,0.99418271,-0.10179605,-0.25092247,0.072054558,0.10396849,0.99188179,0.65760875,585.0,585.0,320.0,240.0
235,0.99649966,0.023447786,-0.079308376,-0.48438299,-0.031445947,0.99430925,-0.10111165,-0.24896991,0.07648351,0.1032596,0.99162412,0.65529943,585.0,585.0,320.0,240.0
236,0.99635845,0.024176924,-0.080845892,-0.47438201,-0.032557972,0.99397832,-0.10397039,-0.24201505,0.077842779,0.10623219,0.99120414,0.65416974,585.0,585.0,320.0,240.0
237,0.99662364,0.020158798,-0.078647286,-0.46694341,-0.028047368,0.99447423,-0.10048282,-0.2404902,0.076184399,0.10235732,0.99174041,0.65233445,585.0,585.0,320.0,240.0
238,0.99636227,0.019637823,-0.082017049,-0.458581,-0.028003275,0.99431211,-0.10208514,-0.23748343,0.079543419,0.10401858,0.99130362,0.65095729,585.0,585.0,320.0,240.0
239,0.99633372,0.018251548,-0.082678944,-0.45553362,-0.026729358,0.99429572,-0.1025817,-0.23379308,0.080332749,0.10442372,0.99119717,0.64751798,585.0,585.0,320.0,240.0
240,0.99631274,0.017904695,-0.083005592,-0.45567477,-0.026353395,0.99438679,-0.10179365,-0.23477034,0.080714814,0.10361387,0.99125099,0.64768296,585.0,585.0,320.0,240.0
